%YAML:1.0
cameraMatrix: !!opencv-matrix
   rows: 3
   cols: 3
   dt: d
   data: [ 3.7170490254176491e+02, 0., 2.5924577015366253e+02, 0.,
       3.7240748221740472e+02, 2.1045357270103386e+02, 0., 0., 1. ]
distortionCoefficients: !!opencv-matrix
   rows: 1
   cols: 5
   dt: d
   data: [ 1.0673155673503942e-01, -2.8945248510842247e-01,
       1.4608722223335719e-03, 4.0927149406185377e-04,
       1.0541604719465750e-01 ]
rotation: !!opencv-matrix
   rows: 3
   cols: 3
   dt: d
   data: [ 1., 0., 0., 0., 1., 0., 0., 0., 1. ]
projection: !!opencv-matrix
   rows: 4
   cols: 4
   dt: d
   data: [ 3.7170490254176491e+02, 0., 2.5924577015366253e+02, 0., 0.,
       3.7240748221740472e+02, 2.1045357270103386e+02, 0., 0., 0., 1.,
       0., 0., 0., 0., 1. ]
