%YAML:1.0
rotation: !!opencv-matrix
   rows: 3
   cols: 3
   dt: d
   data: [ 9.9999968338465706e-01, -4.1369651440584579e-04,
       -6.7976891628372563e-04, 4.3075416334385926e-04,
       9.9968012019580854e-01, 2.5287778394800713e-02,
       6.6909000615689119e-04, -2.5288063201592884e-02,
       9.9967998188324037e-01 ]
translation: !!opencv-matrix
   rows: 3
   cols: 1
   dt: d
   data: [ -4.8980005739904721e-02, -7.5724797090491848e-04,
       1.7538148953415947e-02 ]
essential: !!opencv-matrix
   rows: 3
   cols: 3
   dt: d
   data: [ -8.0612977285437329e-06, -1.7513389519215328e-02,
       -1.2005064620243381e-03, 1.7570915432910977e-02,
       -1.2458649518562515e-03, 4.8952409362201271e-02,
       7.3614938975552241e-04, -4.8964651296105451e-02,
       -1.2391102845593176e-03 ]
fundamental: !!opencv-matrix
   rows: 3
   cols: 3
   dt: d
   data: [ -1.4481506138417834e-08, -3.1402112822019361e-05,
       5.8108155311898946e-03, 3.1541680301699748e-05,
       -2.2322421109346450e-06, 2.4956242082022746e-02,
       -1.4884605444378798e-02, -6.7860460147388377e-02, 1. ]
