%YAML:1.0
depthShift: -1.6819942362023337e+01
