%YAML:1.0
rotation: !!opencv-matrix
   rows: 3
   cols: 3
   dt: d
   data: [ 9.9996239851124447e-01, -8.0104495945738600e-03,
       -3.3217858046474574e-03, 8.0603270685314973e-03,
       9.9985070338985749e-01, 1.5284045876520026e-02,
       3.1988577941922196e-03, -1.5310245853677917e-02,
       9.9987767435857500e-01 ]
translation: !!opencv-matrix
   rows: 3
   cols: 1
   dt: d
   data: [ -5.2086446196814358e-02, -9.1331596425510566e-05,
       1.2157507134049209e-02 ]
essential: !!opencv-matrix
   rows: 3
   cols: 3
   dt: d
   data: [ -9.8285640627523386e-05, -1.2154293750250829e-02,
       -2.7713632101032302e-04, 1.2323667128069865e-02,
       -8.9484339501056818e-04, 5.2039690054255995e-02,
       -3.2850562996227770e-04, -5.2079401474112358e-02,
       -7.9639501721752470e-04 ]
fundamental: !!opencv-matrix
   rows: 3
   cols: 3
   dt: d
   data: [ -1.3717142153371363e-07, -1.6913597158177371e-05,
       3.2403721265009977e-03, 1.7162226658549971e-05,
       -1.2425486406305027e-06, 2.2368510305431070e-02,
       -8.7367784202739846e-03, -6.0679132296321742e-02, 1. ]
