%YAML:1.0
cameraMatrix: !!opencv-matrix
   rows: 3
   cols: 3
   dt: d
   data: [ 3.6566715945802480e+02, 0., 2.5508799133643603e+02, 0.,
       3.6673576925727400e+02, 1.9787718930150956e+02, 0., 0., 1. ]
distortionCoefficients: !!opencv-matrix
   rows: 1
   cols: 5
   dt: d
   data: [ 9.6272929779628008e-02, -2.6064864559954692e-01,
       -5.4593533106968876e-03, 1.1162464298856644e-03,
       8.4863203717382762e-02 ]
rotation: !!opencv-matrix
   rows: 3
   cols: 3
   dt: d
   data: [ 1., 0., 0., 0., 1., 0., 0., 0., 1. ]
projection: !!opencv-matrix
   rows: 4
   cols: 4
   dt: d
   data: [ 3.6566715945802480e+02, 0., 2.5508799133643603e+02, 0., 0.,
       3.6673576925727400e+02, 1.9787718930150956e+02, 0., 0., 0., 1.,
       0., 0., 0., 0., 1. ]
