%YAML:1.0
depthShift: -2.4747262096226965e+01
