%YAML:1.0
cameraMatrix: !!opencv-matrix
   rows: 3
   cols: 3
   dt: d
   data: [ 1.0755052748894141e+03, 0., 9.8492457539484610e+02, 0.,
       1.0778353848530128e+03, 4.8821105721081062e+02, 0., 0., 1. ]
distortionCoefficients: !!opencv-matrix
   rows: 1
   cols: 5
   dt: d
   data: [ 4.6080239399562080e-02, -3.7394240545421571e-02,
       -8.6420151995809068e-03, 1.9382435783182302e-03,
       -6.8560334415988182e-04 ]
rotation: !!opencv-matrix
   rows: 3
   cols: 3
   dt: d
   data: [ 1., 0., 0., 0., 1., 0., 0., 0., 1. ]
projection: !!opencv-matrix
   rows: 4
   cols: 4
   dt: d
   data: [ 1.0755052748894141e+03, 0., 9.8492457539484610e+02, 0., 0.,
       1.0778353848530128e+03, 4.8821105721081062e+02, 0., 0., 0., 1.,
       0., 0., 0., 0., 1. ]
